distFitness,StabilityLoss,pitchMean,pitchStd,rollMean,rollStd,heightStd,yawStd
0.04916337353463678,0.017953284990282477,0.007070884852456786,0.0034402650485340267,0.000652377994107102,0.0025315109579176973,0.0011485091056750367,0.003109737031591828
0.03109375861037147,0.017702222440208377,0.007402307592741765,0.00326519174625978,0.00141931195782593,0.002976342428328972,0.00047511969844895956,0.0021639490166029704
-0.00865268638207431,0.023654667782320647,0.004932980801515373,0.006035524210186488,0.004111042627220863,0.0037962867968822337,0.0011873521570678082,0.0035914811894478807
0.06880131044381207,0.029768348674527663,0.014655024615977598,0.005215029423425326,0.002110764250988784,0.0023489656694957706,0.0007450581826906033,0.004693506531949585
0.05953669048846723,0.03300486301355545,0.013540317795422536,0.00335281990672037,0.00020619116207949085,0.0016599016232316677,0.00740672764946994,0.006838904876631448
0.013353173940263863,0.051954727299120755,0.027926593192825755,0.005770855842558409,0.0009594022700473936,0.0020600278149214097,0.009069181831706118,0.006168666347061673
0.05473162267474723,0.07031801290401629,0.022667468747583894,0.010579528443525579,0.011921616686141766,0.00562720784216604,0.013769652061332847,0.005752539123266167
0.06309664118285187,0.06958352052165354,0.021962092875670563,0.012618009362946962,0.017911318032008645,0.005817843933656268,0.0030754172276433313,0.008198839089727765
0.00645930417779115,0.07768812492171324,0.03599171024049675,0.010787495598779966,0.011089104244526414,0.005672185514905522,0.0033570988228597658,0.010790530500144816
0.049817302403507145,0.07555867479392851,0.03549521034544482,0.013840772246590654,0.010767215259117951,0.005197999867436453,0.0013810513281278362,0.008876425747210794
0.05733582227418891,0.0665308057436867,0.03426913670010896,0.013227961959167532,0.002532404607306059,0.005511718266644507,0.003497292407100023,0.007492291803359615
0.016986593920151994,0.05838060833023665,0.018591219086222407,0.01304656109165844,0.009965016359997188,0.006165573350359117,0.005023866905014004,0.0055883715369855
0.05176959779380941,0.059199931345279386,0.019319403866518075,0.01423042900557156,0.012614098551905243,0.004672484515305101,0.0038098257180769514,0.004553689687902459
0.024495350348879685,0.058664781395889515,0.009308335973218312,0.015723231334356817,0.01901971521713307,0.005342730881732559,0.003488035978047016,0.005782732011401734
0.046678905017757275,0.04897221983469371,0.004664096499734293,0.012181420780816589,0.0197117888957075,0.004384758233495726,0.0021208701896126597,0.005909285235326941
0.06542177647057323,0.054372100723284446,0.0015390966203872765,0.012897623996630093,0.025896047711560205,0.004422370199025245,0.0013441647113881369,0.008272797484293494
0.014520538287480728,0.06764007507694272,0.005415525177428421,0.015833659904921714,0.03093173050917841,0.004080012752740183,0.0023573603564063118,0.009021786376267691
0.08450407425300253,0.07402792245320435,0.01883792644476218,0.014162504139401925,0.025345527255229622,0.005889009837946898,0.0029581162705243666,0.00683483850533936
0.06471469184691939,0.060640706410513064,0.011341298147846646,0.012141912440847526,0.02150148497777504,0.0059159031766953816,0.0016984481663258812,0.008041659501022593
0.08460620796785909,0.054997660414526535,0.00927751560531806,0.00900587841687349,0.01937527566852056,0.005912064237608211,0.002050282524303208,0.009376643961903006
6.756078605050302e-05,0.052056176253178134,0.00633492829785541,0.011414554432406665,0.015792892507382642,0.003148828419100561,0.003160611376350084,0.012204361220082774
-0.012776846824892843,0.05827484604847928,0.007358826550043544,0.01054701921647824,0.016641244337071807,0.003752984600599185,0.009212947906138578,0.010761823438147926
0.0492381982495808,0.05776463532391392,0.01504787958712243,0.012557427133668295,0.012176804149047975,0.003842126415456624,0.005115897090542833,0.009024500948075768
0.0001321884699814289,0.06374007143351029,0.012920876092055352,0.012581056953689563,0.016182559359210806,0.005595983130185254,0.004808537365914247,0.011651058532455072
-0.040172698114600905,0.057846441098142576,0.0207702494382266,0.01172769737394975,0.0052146802563317685,0.003579247083907954,0.003047358385402316,0.013507208560324188
-0.05034470953881594,0.07139046993358163,0.01659127416807153,0.012334079706078874,0.01670975471110274,0.0045149217324136305,0.0034346429330817238,0.01780579668283313
-0.03271879050471671,0.0755666610518993,0.019479219152146027,0.010113662459504222,0.01798213993545481,0.005600888790164557,0.006923364936498255,0.015467385778131433
0.00016028210366307873,0.05733078320961332,0.020145616003129023,0.01002326810085817,0.008010079261747472,0.003680349750873876,0.00721638956100272,0.008255080532002062
0.0686463173197842,0.05489031739748065,0.021455533158724054,0.009848959480615786,0.0021872164050280797,0.0036878834726286258,0.008707139011005479,0.009003585869478622
0.00501163550210342,0.08472778195847759,0.02282115384531071,0.010202714027167761,0.005035756323286858,0.0148161565589398,0.017571980440575428,0.014280020763197043
-4.643838995123328e-05,0.07458750346962667,0.01864618071935541,0.008734293448883637,0.005308402344442234,0.011571147648634084,0.015205436809904254,0.01512204249840705
-0.02621548686402945,0.06451140620375102,0.015433404573227696,0.009708326439055353,0.008145869988777624,0.01200431996253775,0.008160953629897685,0.011058531610254912
0.055222102496477354,0.07187849812924361,0.017267833348410595,0.008007346692481612,0.0028808538793652716,0.019014590682688202,0.014961163924964747,0.009746709601333184
0.11438839455494049,0.0695404716432397,0.017739241309541912,0.0070970305881681165,0.0009309549484242174,0.016764549756760776,0.013502292257545045,0.013506402782799642
0.1294950978858684,0.07594426398048922,0.022626856324349007,0.009145077720491872,0.006508014051384535,0.01448927724017374,0.008584467609698786,0.014590571034391278
0.1656965650324122,0.07614578854010737,0.02155498077578562,0.011408144389096474,0.0065213802049450854,0.014529425332237887,0.005644783161227019,0.016487074676815285
0.24712372851998915,0.11059993653226091,0.015130473355064655,0.012375102401850295,0.01995969092922488,0.011251092295089374,0.01961561435705644,0.032267963193975256
0.31361218786933204,0.11453998112112482,0.00948353854989086,0.012115119525749845,0.021627164887124087,0.010459055758085534,0.026370950178616716,0.034484152221657766
0.2682910626579945,0.08912793103133618,0.005267249245921011,0.013509911297063287,0.025462019853449765,0.010736275318601171,0.012538604090102283,0.02161387122619866
0.19997423215832397,0.091846703701523,0.0025990983793912864,0.01598634728582631,0.029734309489943992,0.01098889354473133,0.008168319680108687,0.0243697353215214
0.28055759206686387,0.10876471104027763,0.011834813756970963,0.01735124416549074,0.026513705495744944,0.011881985749931613,0.008792017944964854,0.03239094392717451
0.3586408843236014,0.10688690467888894,0.017768721607178607,0.011468130288418954,0.020933053413747953,0.015601164335454444,0.00691771777959235,0.03419811725449662
0.3729528412655597,0.11317315052700641,0.022335310371117238,0.011737723593786557,0.016669992866870365,0.017092580506177037,0.006065951682521188,0.039271591506534025
0.37338102643707716,0.1097279251668581,0.025865281687535064,0.014227567120939168,0.008037099535830287,0.015019637171192885,0.007080460236552433,0.03949787941480827
0.5634550716673239,0.11210495713490323,0.006770569651517198,0.013066313829569036,0.01963451782155735,0.012615846615891636,0.015983486608042018,0.04403422260832599
0.4737501738039116,0.1179923196096589,0.005004669828476797,0.015924899952227286,0.026195884893636636,0.01549079628052522,0.007973655798473572,0.0474024128563194
0.5151816344395945,0.12531722072953577,0.0185453607419477,0.015141330349659697,0.03131305651201489,0.017239637818519633,0.007245703695926225,0.03583213161146763
0.6328019947064222,0.1328607059351149,0.02862625648793628,0.013592407066207077,0.0033123325043850848,0.016748104883468506,0.01027402545153758,0.060307579541580364
0.6021841079225327,0.13204789489394952,0.014962989165351208,0.01294869597242183,0.021840500227413354,0.014879695193124107,0.009213649817488314,0.0582023645181507
0.6134635860579608,0.13753801133089905,0.01736275881302995,0.018041374193410474,0.013067848709115766,0.016768096623627732,0.01219975370310593,0.06009817928860918
0.699458199670834,0.12912992132168633,0.020935154529108185,0.01269654088704626,0.005163146774226091,0.018271287277822634,0.010422445483091763,0.0616413463703914
0.7621701041636038,0.11729221914533883,0.0068857241673095475,0.014122106237561381,0.011779528747119836,0.013818050441961065,0.010838442943364356,0.059848366608022646
0.6830903687423646,0.11873100287190066,0.001710791599027867,0.014875271933503537,0.018371298452171936,0.013006902742389087,0.014873955415263877,0.05589278272954436
0.7729572016471511,0.12717735105551067,0.017749399320849815,0.013633318548016953,0.010925023193046389,0.018259327785298634,0.01480823729112176,0.05180204491717711
0.6573520621466253,0.12110062694662158,0.0065529545194157775,0.015214820358222995,0.016968413175981897,0.015614326141442038,0.015653421124133378,0.051096691627425486
0.5913820170686555,0.13351873289768423,0.01563615586487362,0.021778446739576972,0.016284236885002273,0.013015521584853364,0.017248309450692348,0.049556062372685665
0.7638659508092689,0.1398129094322575,0.021027283115647576,0.018446705268970014,0.008117265169188247,0.018188555400779165,0.01916768708682954,0.05486541339084296
0.7361960148388811,0.14452293635644942,0.0035923891311738384,0.015539231905505744,0.016779158543990185,0.02130157373247592,0.031947437382403646,0.055363145660900094
0.7107497656551345,0.14813307971108708,0.008567885447804482,0.018857083202084887,0.017849314714006,0.018644903057052176,0.04436447631647852,0.03984941697366102
0.7299522338573873,0.1404584565301541,0.02532280082755944,0.02131330218469487,0.009355342425756686,0.01391712314387844,0.026173284205668015,0.04437660374259667
0.6086072386607382,0.15804726303408728,0.02724196409979786,0.018500116905263198,0.019753547754551765,0.015346894772251473,0.0362011615471014,0.041003577955121606
0.6966366102465913,0.17122036139457977,0.03256259168402991,0.018323813287312293,0.03443420895913062,0.024126438396799756,0.0232950571827196,0.038478251884587575
0.7212183142581432,0.14496861757686577,0.005781671066619173,0.015987745176604534,0.03601433303454116,0.023105162500255825,0.012587791722281833,0.05149191407656324
0.8753479960535606,0.15911306336633776,0.030374763783169268,0.016909936585492797,0.021400201081168725,0.01811229077344952,0.02061962268682398,0.05169624845623347
0.8518149567331161,0.14589467420043378,0.03627705070186235,0.019515745260272784,0.006858952973762753,0.017431190480606557,0.02236321047695737,0.04344852430697195
0.9690696405439242,0.15675504968663256,0.012091602429159538,0.018655219139506313,0.04693328209876991,0.0196223967611423,0.025833863365782323,0.03361868589227216
0.927935257597468,0.18228754205948425,0.02290208868652976,0.02054818188279229,0.03760406944976738,0.02011508237579003,0.023830168382277233,0.05728795128232757
1.0712247294411088,0.14609742977391532,0.03050531748928608,0.014863289394332195,0.004622071708292432,0.020609171822663863,0.013891078011247275,0.06160650134809347
0.9593573796719214,0.15539652981585542,0.027928216405571867,0.019382471170456505,0.012785191769481764,0.01883635867319299,0.015403717641960265,0.06106057415519201
0.9706966658591714,0.1476338916022733,0.01234054960559851,0.022874976466494296,0.028368839382283607,0.020581002612553728,0.01027484339490213,0.053193680140441034
1.0213821237143297,0.11479216357333558,0.007464011302549064,0.019694055334467952,0.026888280717030588,0.02145012788473759,0.010785972488320444,0.02850971584622994
1.1568506587717438,0.11017360784719425,0.007698716874264578,0.014811439869358034,0.026544374027401483,0.02099347857145807,0.010474466169017257,0.029651132335694826
0.902055636817898,0.12512451469966163,0.016510043431450436,0.018344405608048498,0.01758178940703352,0.019967647831823237,0.016328655748773076,0.03639197267253287
0.9274752849590905,0.1140096703027591,0.020783156948523337,0.019946013298961115,0.01562970444544464,0.01598840380500978,0.018218882825157875,0.02344350897966235
1.1388400338324691,0.09829672450515044,0.02106720215880125,0.02045443291893243,0.006713949857234846,0.016213052146348227,0.014727747550906634,0.019120339872927033
1.0287799656621808,0.09440791060639173,0.021038869880510017,0.02040642857092088,0.002768840037152818,0.015033667290166914,0.01703713928770732,0.018122965539933773
1.0235192792989527,0.108417175471951,0.017686729511414985,0.022710854984681565,0.008674351345902605,0.012926802775387313,0.025455844093553028,0.020962592761011502
1.0408848199047918,0.09767151974784397,0.014731281366746991,0.021057465123983668,0.0033971055948553474,0.016584413154589535,0.018973483666025113,0.022927770841643314
0.9494859288862535,0.5666883585154442,0.007668385283163482,0.017574074136245725,0.002841502861324386,0.01895355809186998,0.019650838142840642,2.8373072779731054
1.0232051904022046,0.08493773749099923,0.0011469153500435812,0.013839303730795746,0.0073582924484512984,0.020191597409693837,0.013641213076518308,0.028760415475496466
1.1287748910365152,0.08659842916415807,0.0010910160144855913,0.008587805402474715,0.0068223000671880155,0.0268324658207645,0.012268668143836231,0.030996173715409008
1.1828905563714618,0.07574356118107603,0.0016370638005968104,0.01526954668499973,0.003430930243670613,0.020481376837890544,0.007355627046220141,0.02756901656769819
1.1110257274306696,0.08287590459416516,0.0026884461679336593,0.01951388986645121,0.00014371171040327977,0.017258094709577617,0.00991153606297951,0.03336022607681989
1.1834630324173887,0.09073714017351885,0.0028378493267506707,0.021461877690487616,0.004751516866082905,0.015139286233403222,0.014383391327740634,0.0321632187290538
1.2787202275174079,0.09126049456012617,0.006330861648502603,0.019582334901833462,0.007259923948964081,0.01882617451468655,0.011941586755747524,0.027319612790391953
1.1434352808752788,0.10044508877059043,0.0019661659051572705,0.013927590792769397,0.012554415779607957,0.024694322341964316,0.013162636291161175,0.03413995765993032
1.2232672651953531,0.11077047665250099,0.0043508018969222574,0.011163697166297185,0.008780437685299868,0.028017430338421027,0.014486699020833679,0.04397141054472699
1.1974911503760244,0.11839051497499865,0.01306643253340869,0.02042556596471616,0.012443521790019875,0.017663457281118292,0.012334896140864646,0.04245664126487099
1.1468313300112356,0.11646663578328219,0.0035119123970945424,0.02547828477857878,0.007506610841065755,0.01039071651412165,0.021636434945587923,0.047942676306833534
1.2710277165850767,0.14141522081924646,0.012045531168703777,0.017171127864835732,0.0009077391936687292,0.02052382860580351,0.02338601962960203,0.06738097435663266
1.2962109419820012,0.1431664978918359,0.00946970095739606,0.014280614066649345,0.013667561798141253,0.01997704082132329,0.02002885982065472,0.06574272042767122
1.4653873410562368,0.1371701114653168,0.004078826211522811,0.020496130765839476,0.012345490916768502,0.01949915020209407,0.012220986393246615,0.06852952697584531
1.4454423341671319,0.11953050882062771,0.003982959628594936,0.01634890457471673,0.010180741524305311,0.01958512124290031,0.007984309730335712,0.06144847211977471
1.3292233238557878,0.13862721310605022,0.008122217403458106,0.01533997784642049,0.004033436056686308,0.019739509380871257,0.0159352205304643,0.07545685188814977
1.4476935763334224,0.13454533594209128,0.004060858683127259,0.02075108523175644,0.0114378613832886,0.018570367188535025,0.01540623989428122,0.06431892356110272
1.352310523623501,0.1348181255025242,0.010058689150857664,0.017649805603866246,0.008920279027559019,0.020215688768778155,0.016189984792855806,0.061783678158607316
1.4409140503652076,0.14172371712890738,0.005522402632823477,0.019462440832475388,0.009205256608240774,0.016456064825742273,0.018289060918624745,0.07278849131100072
1.4210603767297514,0.15156644156083232,0.00972060545203147,0.018043411884337692,0.010699847184616496,0.02109929666258232,0.017738649905780737,0.07426463047148361
1.4197191005930248,0.11501403886544247,0.013605526731267695,0.01585285714890338,0.008679633757496977,0.0172332479440256,0.01819927201034231,0.04144350127340649
1.3870038476280069,0.12252372093145308,0.007671620029678215,0.020087680253662293,0.013396098572484638,0.01257580632156278,0.010818869604308001,0.057973646149757155
