distFitness,StabilityLoss,pitchMean,pitchStd,rollMean,rollStd,heightStd,yawStd
-0.002799630591405303,0.014831095197353943,0.004377149605099636,0.0037409100600929264,0.0018912867942132404,0.002219138113232553,1.164075673147257e-05,0.0025909698679841154
-0.00017347977385742742,0.018049667912464804,0.0034984876342434032,0.0034174876484726223,0.0009640822703141532,0.0034712691620489844,8.871843034092066e-06,0.006689469354351548
0.004883094584246097,0.020112669282954458,0.002876996249161421,0.005496723113523903,0.0018459855343573668,0.003479204465590982,4.3423258734135354e-05,0.00637033666158665
0.008531328305418794,0.02511375103840333,0.0012980539131061746,0.006564752792814165,0.004680139432098277,0.0027450511890063423,9.299920504502936e-05,0.00973275450633334
0.02678993322016532,0.036516605741643705,0.007598864576934201,0.009205918556905876,0.007565336835350954,0.005374787796955714,0.00013904012584406902,0.006632657849652893
0.14826294860942707,0.032793271543349614,0.00542265475356757,0.011942370771398784,0.006751262697488144,0.004213104395382357,0.00013746273954954116,0.004326416185963214
0.3267805311269248,0.038469441917900415,0.012280730798301491,0.012281495680662821,0.006847764401326832,0.0031506461995982867,5.3262170707371896e-05,0.00385554266730361
0.2956865116297418,0.031038128053919055,0.004145569279332057,0.00771541738162207,0.005099289476526628,0.00416825884127135,8.718615632698654e-05,0.009822406918839965
0.3000352573681552,0.040695515962432365,0.01112354001284132,0.01063554339213292,0.008182642355982105,0.0020928208486894846,8.902891077639795e-05,0.008571940442010133
0.38536849674375573,0.03620853674941014,0.0032370335222565313,0.012117000327313313,0.009255374832932203,0.005662310791102147,8.95618397275624e-05,0.005847255436078387
0.40645512556791713,0.04002596793703985,0.0027296033057143537,0.010141801122996312,0.008616048832396594,0.009687717556133483,9.825828196930745e-05,0.008752538837829804
0.5262895057306964,0.03805497884342569,0.0009111169867278915,0.010167231030675022,0.0050300243565136625,0.011470596672922032,6.429858336228579e-05,0.0104117112132248
0.6104645937924442,0.03646071089999292,0.0024586709141772665,0.0075667014779446234,0.0021256432570439126,0.009528376217204301,7.369776266584204e-05,0.014707621270956973
0.49854532227361403,0.03893090820065477,0.0021191001141000715,0.005184032926611512,0.0038241965542902983,0.007560971470873118,6.237779970374722e-05,0.020180229335076016
0.5882237142608502,0.040967190601339604,0.002473235954525362,0.003185087688840601,0.0035784708342814983,0.006801337260841989,3.795587941925774e-05,0.024891102983430894
0.6100163863692638,0.046697120523150996,0.005207936400274851,0.005203864119906934,0.0017861415102720362,0.006908359419101141,7.644313353801367e-05,0.02751437594005802
0.6293403662094516,0.04860896792296375,0.0018749565041841253,0.009572620354141553,0.0015392323734753114,0.005480075445257535,6.190368780440895e-05,0.03008017955810082
0.7088873482382191,0.6076840749578086,0.009387166838954132,0.021697989302605417,0.001796807496427075,0.008503835500883286,0.00019469992428543421,0.5661035758946533
0.7835156724039485,0.07893697669556066,0.006873588227931406,0.013353597364194027,0.006304812237788888,0.016568711579268015,0.00028463460761826763,0.035551632678760055
0.7420889447681221,0.07049163603123261,0.00929748403361076,0.006794704596796981,0.011170044990580833,0.01846525766594311,0.00018053415164686145,0.024583610592654064
0.753802116410185,0.06164071991286705,0.004869862329469926,0.006801737449921767,0.011811319402532036,0.017644664221659424,0.00010502818880203481,0.020408108320481858
0.7279592150358406,0.05762817620471591,0.0009100594036692703,0.008902859022359835,0.011386499685141799,0.015701165319798843,9.593596023169525e-05,0.020631656813514462
0.8075668194495169,0.0622912171856613,0.0026433947174938953,0.014887136586996242,0.011977902291124397,0.013602662394259094,0.0001464171196985544,0.019033704076089123
0.8499425801500526,0.059896933858980844,0.00773298083237084,0.01707383528394761,0.011239790649661817,0.010658716172035062,0.00011496224050941355,0.013076648680456104
0.8447179318736363,0.06483899994532737,0.011335343376623279,0.019469242677766663,0.010037091070158741,0.00850861284900365,0.00013306933631027304,0.015355640635464766
0.8445442457833702,0.05586839468759145,0.005308330832746099,0.025043368241657385,0.006318158250171535,0.006112085527160468,0.00011568381006314879,0.012970768025792813
0.8202370387181447,0.044969989466714044,0.004024687804117074,0.020091558354369883,0.004419795187432748,0.004316947714895914,8.611696367620112e-05,0.01203088344222223
0.8109824500094132,0.05008585754906762,0.0023095124724018946,0.021366696380180156,0.0048380936488653355,0.006198642713132953,8.315733623492937e-05,0.015289754998252362
0.7589068784016049,0.05508215938907563,0.004603479549743086,0.022964010817723382,0.003136099905136556,0.01199456612995169,0.0002558857084091907,0.012128117278111727
0.8804108863122131,0.05507472953624672,0.0028822385246556636,0.019105354926230427,0.003151398770478028,0.013328312253099573,0.00023716729330367512,0.016370257768479356
0.9309769979255069,0.06228508815673202,0.004016289785034296,0.022023810392961685,0.0020464689270632192,0.018500525349799977,0.0001267608571490727,0.015571232844723767
1.0622820722857838,0.06201474989406695,0.009865919851485366,0.014503589672985007,0.00633461039059622,0.014620685101910356,0.00017375009585326968,0.016516194781236736
1.0609678158148115,0.05538197776028459,0.009244936568682525,0.015741509206280296,0.004220429801447395,0.012137217353994386,0.0001422510440792442,0.013895633785800752
1.128578308152539,0.06459077885038012,0.01397235460695567,0.01628810219752102,0.009486274799223888,0.009305114355624948,0.00012206591465884827,0.015416866976395731
1.1456636809616878,0.06336500066259179,0.014265774131691542,0.017053880245721294,0.006219553319634051,0.007706580900181318,0.0001261665717857872,0.017993045493577806
1.095629455807468,0.07081123664142246,0.01228520258805151,0.022537963413811587,0.0077967707469093,0.011815982938288503,9.221490052764488e-05,0.016283102053833896
1.1037944054516107,0.055076766887649675,0.0019442449808582249,0.01888473675988006,0.009748799404215601,0.009644186005782197,9.555683324523413e-05,0.01475924290366835
1.1788743228161216,0.06570447846994432,0.007215267478165808,0.020689389457687824,0.01059792612357334,0.008349901605531904,0.00015653629437283162,0.018695457510612617
1.1011406570218476,0.07450007298991754,0.01685865723271361,0.021575465885560734,0.009432111335353278,0.011664426078017208,0.0002301234415836073,0.014739289016689104
1.0643630013807834,0.048063868349539754,0.009938476238504225,0.008619108937558621,0.007643070964351643,0.0070868799774875405,0.00030946992282360517,0.014466862308814122
1.1568684597776422,0.047094670433541624,0.012539575037594678,0.008714523960127155,0.004152594352246722,0.007054798676205123,0.00044095435970353683,0.014192224047664409
1.198446950009769,0.06462972663411298,0.023007451170966784,0.01227559035291545,0.005850446312814935,0.00847972677862924,0.0004241411750686062,0.01459237084371798
1.132207758587474,0.06522008313504458,0.024377707670960053,0.013396410170066755,0.00448267861790905,0.007136170926429319,0.0003086764983756227,0.015518439251303777
1.1164113511578386,0.07644719218834875,0.026805183876642345,0.01636253112070747,0.009751626256630294,0.007247196444315783,0.0002841017727977237,0.015996552717255128
1.2298554450487569,0.0871474147596536,0.024304767701422668,0.022337244144173936,0.015213923698298977,0.008282540508655031,0.00038331418968792254,0.016625624517415064
1.25707510907973,0.07664827307029429,0.009858401290946698,0.024075180384252284,0.014443571006131035,0.008144304267092449,0.0003398909233118347,0.019786925198559974
1.1808107176422582,0.06165042572137978,0.006698471107449535,0.017267233728808246,0.01340544636304798,0.006082852469242267,0.0004211870762076077,0.017775234976624144
1.2662164828588045,0.07613990725764938,0.004529630496686862,0.025706899386372904,0.017691570406469855,0.010940010601036686,0.0003979927925038093,0.016873803574579255
1.2702548506264035,0.07391856731784062,0.001679789319186053,0.021953005121216212,0.017356348440740802,0.012764237897156146,0.0003804281366805026,0.0197847584028609
1.33273007108878,0.07396101971741662,0.004725594015081781,0.020892391915105408,0.00993709227127931,0.018208247688820924,0.00029757629515294844,0.019900117531976243
1.4037924998153066,0.07719077450513481,0.008089149659590247,0.014016225491647487,0.00802843386178766,0.022823337936117835,0.00027861762685739015,0.023955009929134186
1.368439437453264,0.06311029927977446,0.011303645223258073,0.008352267103507914,0.003454735311346927,0.022437926156236226,0.00020560367961054146,0.01735612180581478
1.4204401758446916,0.07464118329740362,0.013130817650262049,0.008366095231221135,0.002363623992762057,0.024237726689230264,0.0002509930416862306,0.02629192669224188
1.436113556277254,0.07547618680278691,0.012476558990924615,0.016217834095529196,0.004482665308531974,0.016848292066034398,0.00022042413393788153,0.025230412207828828
1.5198642100862578,0.08143553945260475,0.007145910330212219,0.024331147943942064,0.013295902478241724,0.009489093042617473,0.000392943671700459,0.026780541985890798
1.591825722609384,0.08029296175223671,0.0023886911509164986,0.02483205536729947,0.0169843184599988,0.006745012129668256,0.00038872089430650147,0.028954163750047186
1.6721551878981356,0.08577816325931417,0.0012320501461761972,0.022913820857774013,0.017891279968265523,0.014660489966900609,0.0005263912106265204,0.02855413110957131
1.7484577385574167,0.08151484352794347,0.007208910100865727,0.013694359468933704,0.016860472472875563,0.020818875858769605,0.0005163418210431869,0.022415883805455686
1.6111083612837904,0.08457013139578794,0.015816347911906677,0.008184248340238233,0.014025782572157159,0.025204093854675584,0.00035745571439864567,0.020982203002411624
1.6343852334998796,0.0853065064793948,0.02516980291681294,0.008471237636652175,0.005960774371959659,0.02318225433101531,0.00031303318369929167,0.02220940403925542
1.6581894938607131,0.0879054248598482,0.02678759953591127,0.011438174773651597,0.0006534197790524825,0.017995502498371486,0.0003335081795447491,0.03069722009331663
1.5543175502682396,0.09914383992035074,0.030460547558402166,0.019595209589521996,0.012068441559616125,0.013597411914026152,0.00036863851088583056,0.023053590787898474
1.6831726054615306,0.10250431865697571,0.02576909841853681,0.02018186596860598,0.022860233193150406,0.01097869996975827,0.0004807628321366934,0.022233658274787554
1.809564774393044,0.1040032323176171,0.0201538896371287,0.02144717588750858,0.030594765212558304,0.009086149124232206,0.00037605906973694705,0.022345193386452362
1.7533547637724292,0.09562616049239198,0.009614635043739533,0.02032184339063347,0.03002182863824163,0.009276542117314218,0.0005373321920687265,0.025853979110394394
1.8438826714512866,0.0848104458732855,0.0021577557055637627,0.01935451481532165,0.027862452373890574,0.010749562869222667,0.0004719261186048968,0.024214233990681948
1.848698255448168,0.07723774905222014,0.0006298929151872399,0.019494595600843198,0.024182187179473683,0.010280683824418395,0.0004562838707296225,0.022194105661567997
1.9090822020167233,0.08246274468239002,0.006290318688808389,0.01707490734550726,0.02981020925979609,0.007988908749707665,0.00046600286661824307,0.02083239777195237
1.7610905492542002,0.09142193594202394,0.0030660048679964497,0.020754652839534805,0.03540665784506829,0.012441763274942568,0.0006928726492098404,0.019059984465272
1.818774731847109,0.09714255771406541,0.004974345624702654,0.017688667394392208,0.03728488223358334,0.01438453275343121,0.0007771775702980053,0.022032952137657994
1.8646121513559386,0.1001216070531929,0.00979118573030437,0.018006988137782513,0.03489615887873046,0.011611002674775385,0.00046579422777235724,0.025350477403827815
1.8566273051299151,0.0987462870636176,0.006750611886094718,0.01887305838896504,0.037208849025469386,0.011400554488463202,0.00040700414183922194,0.024106209132786043
1.9629574474327374,0.09815413557534766,0.004272639910713867,0.017829064648462407,0.04236173350753644,0.008371903099710988,0.0002179898277264511,0.025100804581197508
2.0085881560315535,0.1040137095095925,0.0004087748313022492,0.017912486512862803,0.050498488557887376,0.00874746180917809,0.0001836651970932893,0.026262832601268705
2.0747340652920143,0.1145345383774862,0.008044167343762345,0.019501638072119912,0.04936410376030531,0.010365787864193213,0.00026204838576666543,0.026996792951338746
2.089750519812151,0.10721268759377738,0.011433774967783287,0.015852225698740736,0.04706707564825543,0.008534518227074364,0.00023188623495149898,0.024093206816972062
2.130851801840611,0.11320296095124098,0.02198646719814434,0.013397016829508833,0.04357979935301647,0.0069351761986893076,0.0002459375332433301,0.027058563838638715
2.0490413303015966,0.10287783165027288,0.020267660613719738,0.015416474189315963,0.034004243398591816,0.009805993568905188,0.0003883494232460966,0.02299511045649408
2.20541478718505,0.10601628063425121,0.027159688767790013,0.01220689411034919,0.03393214166351442,0.009513556651324846,0.000412403332002617,0.02279159610927013
2.1729227922822867,0.09840247635247898,0.02536011281692146,0.011593678259794427,0.02855032204969876,0.01032799567828731,0.00034576868543904703,0.022224598862337977
2.139284926423675,0.0899955148921684,0.023760788768109043,0.011808083614231748,0.023996716619480916,0.008695782302635296,0.0004274873329818686,0.02130665625472953
2.2858751118172034,0.08150050129448187,0.01784365078169476,0.012370137701903287,0.02008295529638904,0.007850280424476282,0.000491810620291559,0.02286166646972694
2.3454470151536437,0.07542097071158535,0.01468902250408787,0.014185406169171688,0.02001173881069605,0.006320942270977811,0.0004238840503704712,0.019789976906281467
2.1533927281868053,0.06433499181195125,0.01231263597634158,0.016554893530367293,0.012605633928584692,0.005799460848748593,0.0004944206611459235,0.01656794686676317
2.0664574363678896,0.0666482377188191,0.008477096769927804,0.014588986823556119,0.01678580618448844,0.007448943010687693,0.0004893283227987387,0.018858076607360302
2.068068389988373,0.05797693428859023,0.00778283997811231,0.012641723666645278,0.009960442425383092,0.00800503342950435,0.0004894189783318965,0.0190974758106133
2.357120803947739,0.049101480198323534,0.000887845088811187,0.011274121784436757,0.009905021035143615,0.0070227225172376844,0.0002669271940645228,0.019744842578629764
2.3550748765347094,0.04632270543636197,0.004905601894416239,0.010341694523283079,0.008513472692029761,0.007864047585038753,0.00031167168786655594,0.014386217053727593
2.3762765257011997,0.0524080689176025,0.004343725441179699,0.012178297763437193,0.005263042563029904,0.007379729714408857,0.0003902994151101014,0.02285297402043675
2.39926381366361,0.054456426867333464,0.005620295453151039,0.014197102946039163,0.006860711473594595,0.008096336249925744,0.000261545256105199,0.01942043548851772
2.321473800982306,0.060275420972685775,0.004150101578085455,0.01605912115095841,0.008603009565296938,0.008377278403149039,0.00026987124557516153,0.02281603902962077
2.3760921701477375,0.055380016694242244,0.0016738100657600005,0.016687622682706946,0.00792925535892643,0.009374860352310931,0.0002255378876767411,0.019488930346861198
2.2658511627254123,0.060038416416512114,0.0037513148042277434,0.013717078535611396,0.00010753504040058718,0.013894243335452812,0.00023218168404331692,0.028336063016776256
2.5262805881577592,0.05085698614454867,0.0007218001714494045,0.011837630661394916,0.00268913200880093,0.014405477497808947,0.00023882011985510362,0.02096412568523937
2.260045979984657,0.051187472948688646,0.00011638261106987504,0.01185775311189997,0.003721175335150867,0.013222232092167193,0.00017664188776389056,0.022093287910636857
2.5770652967015053,0.06409235235560985,0.004905972649817254,0.010906417841511775,0.0026178440671155005,0.027002532063578485,0.0004394356325335061,0.01822015010105334
2.69341100549474,0.06665751127361416,0.005147249161077772,0.011972398413539653,0.0038394073984453214,0.025745737556154124,0.00029611954379191115,0.019656599200605373
2.5952465677558596,0.0615510792697732,0.0060465990468800855,0.009605526761615586,0.0029442297650557636,0.02393040926567828,0.00031430134672059626,0.018710013083822873
2.5234922803622495,0.05829597466718272,0.005060054246942287,0.007737812724216153,0.004503337122309002,0.022709620119297388,0.00023180212499650246,0.018053348329421383
2.620245683339787,0.05963387082037054,0.0012135301598140222,0.014596519384207994,0.0011948443706650052,0.02566947821576838,0.0003410952396178797,0.01661840345029726
